6,7
7,9
8,11
9,13
10,15
11,17
12,19
13,17
14,15
15,13
16,11
17,9
18,7
19,5
20,3
21,1
22,1
23,3
24,5
25,7
26,9
27,11
28,13
29,15
30,17
31,19
32,17
33,15
34,13
35,11
36,9
37,7
38,5
39,3
38,1
37,1
36,3
35,5
34,7
33,9
32,11
31,13
30,15
29,17
28,19
27,17
26,15
25,13
24,11
23,9
=== PART 2 ===
........................................
........................................
........................................
........................................
........................................
........................................
........................................
........................................
........................................
.......................*................
........................................
........................o...............
........................................
.........................o..............
........................................
..........................o.............
........................................
........................................
........................................
........................................
